/*--------------------------------*- C++ -*------------------------------------*\
| O pen         | OpenSea:  The Open Source Seakeeping Suite                    |
| S eakeeping   | Version:  1.0                                                 |
| E valuation   | Web:      www.opensea.dmsonline.us                            |
| A nalysis     |                                                               |
\*-----------------------------------------------------------------------------*/
seafile
{
    version     1.0;
    format      ascii;
    object      hydrostiff;
}
// * * * * * * * * * * * * * * * * * * * * * * * * * * * * * * * * * * * * * //
body {
  name "body1";
  //Note that all frequencies have the same coefficients.  This is correct.
  //Hydrodynamic stiffness does not vary with wave frequency.  The same results are
  //repeated for each frequency to maintain consistent formatting with other results
  //and to allow possibly of future developments that may result in hydro-stiffness
  //varying with frequency.
  data {
    frequency 1;
    value (
     //                      X1          X2          X3          X4          X5          X6
     /*Equation 1*/  0.0000E+00  0.0000E+00  0.0000E+00  0.0000E+00  0.0000E+00  0.0000E+00
     /*Equation 2*/  0.0000E+00  0.0000E+00  0.0000E+00  0.0000E+00  0.0000E+00  0.0000E+00
     /*Equation 3*/  0.0000E+00  0.0000E+00  3.4518E+03 -1.0974E-01  3.2672E-02  0.0000E+00
     /*Equation 4*/  0.0000E+00  0.0000E+00 -1.0974E-01 -1.8824E+04  8.6360E-04  1.3691E-03
     /*Equation 5*/  0.0000E+00  0.0000E+00  3.2672E-02  8.6360E-04 -5.9421E+03 -8.4838E-04
     /*Equation 6*/  0.0000E+00  0.0000E+00  0.0000E+00  0.0000E+00  0.0000E+00  0.0000E+00
    );
  data {
    frequency 2;
    value (
          0.0000E+00  0.0000E+00  0.0000E+00  0.0000E+00  0.0000E+00  0.0000E+00
          0.0000E+00  0.0000E+00  0.0000E+00  0.0000E+00  0.0000E+00  0.0000E+00
          0.0000E+00  0.0000E+00  3.4518E+03 -1.0974E-01  3.2672E-02  0.0000E+00
          0.0000E+00  0.0000E+00 -1.0974E-01 -1.8824E+04  8.6360E-04  1.3691E-03
          0.0000E+00  0.0000E+00  3.2672E-02  8.6360E-04 -5.9421E+03 -8.4838E-04
          0.0000E+00  0.0000E+00  0.0000E+00  0.0000E+00  0.0000E+00  0.0000E+00
    );
  }
  data {
    frequency 3;
    value (
          0.0000E+00  0.0000E+00  0.0000E+00  0.0000E+00  0.0000E+00  0.0000E+00
          0.0000E+00  0.0000E+00  0.0000E+00  0.0000E+00  0.0000E+00  0.0000E+00
          0.0000E+00  0.0000E+00  3.4518E+03 -1.0974E-01  3.2672E-02  0.0000E+00
          0.0000E+00  0.0000E+00 -1.0974E-01 -1.8824E+04  8.6360E-04  1.3691E-03
          0.0000E+00  0.0000E+00  3.2672E-02  8.6360E-04 -5.9421E+03 -8.4838E-04
          0.0000E+00  0.0000E+00  0.0000E+00  0.0000E+00  0.0000E+00  0.0000E+00
    );
  }
  data {
    frequency 4;
    value (
          0.0000E+00  0.0000E+00  0.0000E+00  0.0000E+00  0.0000E+00  0.0000E+00
          0.0000E+00  0.0000E+00  0.0000E+00  0.0000E+00  0.0000E+00  0.0000E+00
          0.0000E+00  0.0000E+00  3.4518E+03 -1.0974E-01  3.2672E-02  0.0000E+00
          0.0000E+00  0.0000E+00 -1.0974E-01 -1.8824E+04  8.6360E-04  1.3691E-03
          0.0000E+00  0.0000E+00  3.2672E-02  8.6360E-04 -5.9421E+03 -8.4838E-04
          0.0000E+00  0.0000E+00  0.0000E+00  0.0000E+00  0.0000E+00  0.0000E+00
    );
  }
  data {
    frequency 5;
    value (
          0.0000E+00  0.0000E+00  0.0000E+00  0.0000E+00  0.0000E+00  0.0000E+00
          0.0000E+00  0.0000E+00  0.0000E+00  0.0000E+00  0.0000E+00  0.0000E+00
          0.0000E+00  0.0000E+00  3.4518E+03 -1.0974E-01  3.2672E-02  0.0000E+00
          0.0000E+00  0.0000E+00 -1.0974E-01 -1.8824E+04  8.6360E-04  1.3691E-03
          0.0000E+00  0.0000E+00  3.2672E-02  8.6360E-04 -5.9421E+03 -8.4838E-04
          0.0000E+00  0.0000E+00  0.0000E+00  0.0000E+00  0.0000E+00  0.0000E+00
    )
  }
  data {
    frequency 6;
    value (
          0.0000E+00  0.0000E+00  0.0000E+00  0.0000E+00  0.0000E+00  0.0000E+00
          0.0000E+00  0.0000E+00  0.0000E+00  0.0000E+00  0.0000E+00  0.0000E+00
          0.0000E+00  0.0000E+00  3.4518E+03 -1.0974E-01  3.2672E-02  0.0000E+00
          0.0000E+00  0.0000E+00 -1.0974E-01 -1.8824E+04  8.6360E-04  1.3691E-03
          0.0000E+00  0.0000E+00  3.2672E-02  8.6360E-04 -5.9421E+03 -8.4838E-04
          0.0000E+00  0.0000E+00  0.0000E+00  0.0000E+00  0.0000E+00  0.0000E+00
    );
  }
  data {
    frequency 7;
    value (
          0.0000E+00  0.0000E+00  0.0000E+00  0.0000E+00  0.0000E+00  0.0000E+00
          0.0000E+00  0.0000E+00  0.0000E+00  0.0000E+00  0.0000E+00  0.0000E+00
          0.0000E+00  0.0000E+00  3.4518E+03 -1.0974E-01  3.2672E-02  0.0000E+00
          0.0000E+00  0.0000E+00 -1.0974E-01 -1.8824E+04  8.6360E-04  1.3691E-03
          0.0000E+00  0.0000E+00  3.2672E-02  8.6360E-04 -5.9421E+03 -8.4838E-04
          0.0000E+00  0.0000E+00  0.0000E+00  0.0000E+00  0.0000E+00  0.0000E+00
    );
  }
  data {
    frequency 8;
    value (
          0.0000E+00  0.0000E+00  0.0000E+00  0.0000E+00  0.0000E+00  0.0000E+00
          0.0000E+00  0.0000E+00  0.0000E+00  0.0000E+00  0.0000E+00  0.0000E+00
          0.0000E+00  0.0000E+00  3.4518E+03 -1.0974E-01  3.2672E-02  0.0000E+00
          0.0000E+00  0.0000E+00 -1.0974E-01 -1.8824E+04  8.6360E-04  1.3691E-03
          0.0000E+00  0.0000E+00  3.2672E-02  8.6360E-04 -5.9421E+03 -8.4838E-04
          0.0000E+00  0.0000E+00  0.0000E+00  0.0000E+00  0.0000E+00  0.0000E+00
    );
  }
  data {
    frequency 9;
    value (
          0.0000E+00  0.0000E+00  0.0000E+00  0.0000E+00  0.0000E+00  0.0000E+00
          0.0000E+00  0.0000E+00  0.0000E+00  0.0000E+00  0.0000E+00  0.0000E+00
          0.0000E+00  0.0000E+00  3.4518E+03 -1.0974E-01  3.2672E-02  0.0000E+00
          0.0000E+00  0.0000E+00 -1.0974E-01 -1.8824E+04  8.6360E-04  1.3691E-03
          0.0000E+00  0.0000E+00  3.2672E-02  8.6360E-04 -5.9421E+03 -8.4838E-04
          0.0000E+00  0.0000E+00  0.0000E+00  0.0000E+00  0.0000E+00  0.0000E+00
    );
  }
  data {
    frequency 10;
    value (
          0.0000E+00  0.0000E+00  0.0000E+00  0.0000E+00  0.0000E+00  0.0000E+00
          0.0000E+00  0.0000E+00  0.0000E+00  0.0000E+00  0.0000E+00  0.0000E+00
          0.0000E+00  0.0000E+00  3.4518E+03 -1.0974E-01  3.2672E-02  0.0000E+00
          0.0000E+00  0.0000E+00 -1.0974E-01 -1.8824E+04  8.6360E-04  1.3691E-03
          0.0000E+00  0.0000E+00  3.2672E-02  8.6360E-04 -5.9421E+03 -8.4838E-04
          0.0000E+00  0.0000E+00  0.0000E+00  0.0000E+00  0.0000E+00  0.0000E+00
    );
  }
  data {
    frequency 11;
    value (
          0.0000E+00  0.0000E+00  0.0000E+00  0.0000E+00  0.0000E+00  0.0000E+00
          0.0000E+00  0.0000E+00  0.0000E+00  0.0000E+00  0.0000E+00  0.0000E+00
          0.0000E+00  0.0000E+00  3.4518E+03 -1.0974E-01  3.2672E-02  0.0000E+00
          0.0000E+00  0.0000E+00 -1.0974E-01 -1.8824E+04  8.6360E-04  1.3691E-03
          0.0000E+00  0.0000E+00  3.2672E-02  8.6360E-04 -5.9421E+03 -8.4838E-04
          0.0000E+00  0.0000E+00  0.0000E+00  0.0000E+00  0.0000E+00  0.0000E+00
    );
  }
  data {
    frequency 12;
    value (
          0.0000E+00  0.0000E+00  0.0000E+00  0.0000E+00  0.0000E+00  0.0000E+00
          0.0000E+00  0.0000E+00  0.0000E+00  0.0000E+00  0.0000E+00  0.0000E+00
          0.0000E+00  0.0000E+00  3.4518E+03 -1.0974E-01  3.2672E-02  0.0000E+00
          0.0000E+00  0.0000E+00 -1.0974E-01 -1.8824E+04  8.6360E-04  1.3691E-03
          0.0000E+00  0.0000E+00  3.2672E-02  8.6360E-04 -5.9421E+03 -8.4838E-04
          0.0000E+00  0.0000E+00  0.0000E+00  0.0000E+00  0.0000E+00  0.0000E+00
    );
  }
  data {
    frequency 13;
    value (
          0.0000E+00  0.0000E+00  0.0000E+00  0.0000E+00  0.0000E+00  0.0000E+00
          0.0000E+00  0.0000E+00  0.0000E+00  0.0000E+00  0.0000E+00  0.0000E+00
          0.0000E+00  0.0000E+00  3.4518E+03 -1.0974E-01  3.2672E-02  0.0000E+00
          0.0000E+00  0.0000E+00 -1.0974E-01 -1.8824E+04  8.6360E-04  1.3691E-03
          0.0000E+00  0.0000E+00  3.2672E-02  8.6360E-04 -5.9421E+03 -8.4838E-04
          0.0000E+00  0.0000E+00  0.0000E+00  0.0000E+00  0.0000E+00  0.0000E+00
    );
  }
  data {
    frequency 14;
    value (
          0.0000E+00  0.0000E+00  0.0000E+00  0.0000E+00  0.0000E+00  0.0000E+00
          0.0000E+00  0.0000E+00  0.0000E+00  0.0000E+00  0.0000E+00  0.0000E+00
          0.0000E+00  0.0000E+00  3.4518E+03 -1.0974E-01  3.2672E-02  0.0000E+00
          0.0000E+00  0.0000E+00 -1.0974E-01 -1.8824E+04  8.6360E-04  1.3691E-03
          0.0000E+00  0.0000E+00  3.2672E-02  8.6360E-04 -5.9421E+03 -8.4838E-04
          0.0000E+00  0.0000E+00  0.0000E+00  0.0000E+00  0.0000E+00  0.0000E+00
    );
  }
  data {
    frequency 15;
    value (
          0.0000E+00  0.0000E+00  0.0000E+00  0.0000E+00  0.0000E+00  0.0000E+00
          0.0000E+00  0.0000E+00  0.0000E+00  0.0000E+00  0.0000E+00  0.0000E+00
          0.0000E+00  0.0000E+00  3.4518E+03 -1.0974E-01  3.2672E-02  0.0000E+00
          0.0000E+00  0.0000E+00 -1.0974E-01 -1.8824E+04  8.6360E-04  1.3691E-03
          0.0000E+00  0.0000E+00  3.2672E-02  8.6360E-04 -5.9421E+03 -8.4838E-04
          0.0000E+00  0.0000E+00  0.0000E+00  0.0000E+00  0.0000E+00  0.0000E+00
    );
  }
  data {
    frequency 16;
    value (
          0.0000E+00  0.0000E+00  0.0000E+00  0.0000E+00  0.0000E+00  0.0000E+00
          0.0000E+00  0.0000E+00  0.0000E+00  0.0000E+00  0.0000E+00  0.0000E+00
          0.0000E+00  0.0000E+00  3.4518E+03 -1.0974E-01  3.2672E-02  0.0000E+00
          0.0000E+00  0.0000E+00 -1.0974E-01 -1.8824E+04  8.6360E-04  1.3691E-03
          0.0000E+00  0.0000E+00  3.2672E-02  8.6360E-04 -5.9421E+03 -8.4838E-04
          0.0000E+00  0.0000E+00  0.0000E+00  0.0000E+00  0.0000E+00  0.0000E+00
    );
  }
  data {
    frequency 17;
    value (
          0.0000E+00  0.0000E+00  0.0000E+00  0.0000E+00  0.0000E+00  0.0000E+00
          0.0000E+00  0.0000E+00  0.0000E+00  0.0000E+00  0.0000E+00  0.0000E+00
          0.0000E+00  0.0000E+00  3.4518E+03 -1.0974E-01  3.2672E-02  0.0000E+00
          0.0000E+00  0.0000E+00 -1.0974E-01 -1.8824E+04  8.6360E-04  1.3691E-03
          0.0000E+00  0.0000E+00  3.2672E-02  8.6360E-04 -5.9421E+03 -8.4838E-04
          0.0000E+00  0.0000E+00  0.0000E+00  0.0000E+00  0.0000E+00  0.0000E+00
    );
  }
  data {
    frequency 18;
    value (
          0.0000E+00  0.0000E+00  0.0000E+00  0.0000E+00  0.0000E+00  0.0000E+00
          0.0000E+00  0.0000E+00  0.0000E+00  0.0000E+00  0.0000E+00  0.0000E+00
          0.0000E+00  0.0000E+00  3.4518E+03 -1.0974E-01  3.2672E-02  0.0000E+00
          0.0000E+00  0.0000E+00 -1.0974E-01 -1.8824E+04  8.6360E-04  1.3691E-03
          0.0000E+00  0.0000E+00  3.2672E-02  8.6360E-04 -5.9421E+03 -8.4838E-04
          0.0000E+00  0.0000E+00  0.0000E+00  0.0000E+00  0.0000E+00  0.0000E+00
    );
  }
  data {
    frequency 19;
    value (
          0.0000E+00  0.0000E+00  0.0000E+00  0.0000E+00  0.0000E+00  0.0000E+00
          0.0000E+00  0.0000E+00  0.0000E+00  0.0000E+00  0.0000E+00  0.0000E+00
          0.0000E+00  0.0000E+00  3.4518E+03 -1.0974E-01  3.2672E-02  0.0000E+00
          0.0000E+00  0.0000E+00 -1.0974E-01 -1.8824E+04  8.6360E-04  1.3691E-03
          0.0000E+00  0.0000E+00  3.2672E-02  8.6360E-04 -5.9421E+03 -8.4838E-04
          0.0000E+00  0.0000E+00  0.0000E+00  0.0000E+00  0.0000E+00  0.0000E+00
    );
  }
  data {
    frequency 20;
    value (
          0.0000E+00  0.0000E+00  0.0000E+00  0.0000E+00  0.0000E+00  0.0000E+00
          0.0000E+00  0.0000E+00  0.0000E+00  0.0000E+00  0.0000E+00  0.0000E+00
          0.0000E+00  0.0000E+00  3.4518E+03 -1.0974E-01  3.2672E-02  0.0000E+00
          0.0000E+00  0.0000E+00 -1.0974E-01 -1.8824E+04  8.6360E-04  1.3691E-03
          0.0000E+00  0.0000E+00  3.2672E-02  8.6360E-04 -5.9421E+03 -8.4838E-04
          0.0000E+00  0.0000E+00  0.0000E+00  0.0000E+00  0.0000E+00  0.0000E+00
    );
  }
}

body {
  name "body2";
  //Note that all frequencies have the same coefficients.  This is correct.
  //Hydrodynamic stiffness does not vary with wave frequency.  The same results are
  //repeated for each frequency to maintain consistent formatting with other results
  //and to allow possibly of future developments that may result in hydro-stiffness
  //varying with frequency.
  data {
    frequency 1;
    value (
     //                      X1          X2          X3          X4          X5          X6
     /*Equation 1*/  0.0000E+00  0.0000E+00  0.0000E+00  0.0000E+00  0.0000E+00  0.0000E+00
     /*Equation 2*/  0.0000E+00  0.0000E+00  0.0000E+00  0.0000E+00  0.0000E+00  0.0000E+00
     /*Equation 3*/  0.0000E+00  0.0000E+00  3.4518E+03 -1.0974E-01  3.2672E-02  0.0000E+00
     /*Equation 4*/  0.0000E+00  0.0000E+00 -1.0974E-01 -1.8824E+04  8.6360E-04  1.3691E-03
     /*Equation 5*/  0.0000E+00  0.0000E+00  3.2672E-02  8.6360E-04 -5.9421E+03 -8.4838E-04
     /*Equation 6*/  0.0000E+00  0.0000E+00  0.0000E+00  0.0000E+00  0.0000E+00  0.0000E+00
    );
  data {
    frequency 2;
    value (
          0.0000E+00  0.0000E+00  0.0000E+00  0.0000E+00  0.0000E+00  0.0000E+00
          0.0000E+00  0.0000E+00  0.0000E+00  0.0000E+00  0.0000E+00  0.0000E+00
          0.0000E+00  0.0000E+00  3.4518E+03 -1.0974E-01  3.2672E-02  0.0000E+00
          0.0000E+00  0.0000E+00 -1.0974E-01 -1.8824E+04  8.6360E-04  1.3691E-03
          0.0000E+00  0.0000E+00  3.2672E-02  8.6360E-04 -5.9421E+03 -8.4838E-04
          0.0000E+00  0.0000E+00  0.0000E+00  0.0000E+00  0.0000E+00  0.0000E+00
    );
  }
  data {
    frequency 3;
    value (
          0.0000E+00  0.0000E+00  0.0000E+00  0.0000E+00  0.0000E+00  0.0000E+00
          0.0000E+00  0.0000E+00  0.0000E+00  0.0000E+00  0.0000E+00  0.0000E+00
          0.0000E+00  0.0000E+00  3.4518E+03 -1.0974E-01  3.2672E-02  0.0000E+00
          0.0000E+00  0.0000E+00 -1.0974E-01 -1.8824E+04  8.6360E-04  1.3691E-03
          0.0000E+00  0.0000E+00  3.2672E-02  8.6360E-04 -5.9421E+03 -8.4838E-04
          0.0000E+00  0.0000E+00  0.0000E+00  0.0000E+00  0.0000E+00  0.0000E+00
    );
  }
  data {
    frequency 4;
    value (
          0.0000E+00  0.0000E+00  0.0000E+00  0.0000E+00  0.0000E+00  0.0000E+00
          0.0000E+00  0.0000E+00  0.0000E+00  0.0000E+00  0.0000E+00  0.0000E+00
          0.0000E+00  0.0000E+00  3.4518E+03 -1.0974E-01  3.2672E-02  0.0000E+00
          0.0000E+00  0.0000E+00 -1.0974E-01 -1.8824E+04  8.6360E-04  1.3691E-03
          0.0000E+00  0.0000E+00  3.2672E-02  8.6360E-04 -5.9421E+03 -8.4838E-04
          0.0000E+00  0.0000E+00  0.0000E+00  0.0000E+00  0.0000E+00  0.0000E+00
    );
  }
  data {
    frequency 5;
    value (
          0.0000E+00  0.0000E+00  0.0000E+00  0.0000E+00  0.0000E+00  0.0000E+00
          0.0000E+00  0.0000E+00  0.0000E+00  0.0000E+00  0.0000E+00  0.0000E+00
          0.0000E+00  0.0000E+00  3.4518E+03 -1.0974E-01  3.2672E-02  0.0000E+00
          0.0000E+00  0.0000E+00 -1.0974E-01 -1.8824E+04  8.6360E-04  1.3691E-03
          0.0000E+00  0.0000E+00  3.2672E-02  8.6360E-04 -5.9421E+03 -8.4838E-04
          0.0000E+00  0.0000E+00  0.0000E+00  0.0000E+00  0.0000E+00  0.0000E+00
    )
  }
  data {
    frequency 6;
    value (
          0.0000E+00  0.0000E+00  0.0000E+00  0.0000E+00  0.0000E+00  0.0000E+00
          0.0000E+00  0.0000E+00  0.0000E+00  0.0000E+00  0.0000E+00  0.0000E+00
          0.0000E+00  0.0000E+00  3.4518E+03 -1.0974E-01  3.2672E-02  0.0000E+00
          0.0000E+00  0.0000E+00 -1.0974E-01 -1.8824E+04  8.6360E-04  1.3691E-03
          0.0000E+00  0.0000E+00  3.2672E-02  8.6360E-04 -5.9421E+03 -8.4838E-04
          0.0000E+00  0.0000E+00  0.0000E+00  0.0000E+00  0.0000E+00  0.0000E+00
    );
  }
  data {
    frequency 7;
    value (
          0.0000E+00  0.0000E+00  0.0000E+00  0.0000E+00  0.0000E+00  0.0000E+00
          0.0000E+00  0.0000E+00  0.0000E+00  0.0000E+00  0.0000E+00  0.0000E+00
          0.0000E+00  0.0000E+00  3.4518E+03 -1.0974E-01  3.2672E-02  0.0000E+00
          0.0000E+00  0.0000E+00 -1.0974E-01 -1.8824E+04  8.6360E-04  1.3691E-03
          0.0000E+00  0.0000E+00  3.2672E-02  8.6360E-04 -5.9421E+03 -8.4838E-04
          0.0000E+00  0.0000E+00  0.0000E+00  0.0000E+00  0.0000E+00  0.0000E+00
    );
  }
  data {
    frequency 8;
    value (
          0.0000E+00  0.0000E+00  0.0000E+00  0.0000E+00  0.0000E+00  0.0000E+00
          0.0000E+00  0.0000E+00  0.0000E+00  0.0000E+00  0.0000E+00  0.0000E+00
          0.0000E+00  0.0000E+00  3.4518E+03 -1.0974E-01  3.2672E-02  0.0000E+00
          0.0000E+00  0.0000E+00 -1.0974E-01 -1.8824E+04  8.6360E-04  1.3691E-03
          0.0000E+00  0.0000E+00  3.2672E-02  8.6360E-04 -5.9421E+03 -8.4838E-04
          0.0000E+00  0.0000E+00  0.0000E+00  0.0000E+00  0.0000E+00  0.0000E+00
    );
  }
  data {
    frequency 9;
    value (
          0.0000E+00  0.0000E+00  0.0000E+00  0.0000E+00  0.0000E+00  0.0000E+00
          0.0000E+00  0.0000E+00  0.0000E+00  0.0000E+00  0.0000E+00  0.0000E+00
          0.0000E+00  0.0000E+00  3.4518E+03 -1.0974E-01  3.2672E-02  0.0000E+00
          0.0000E+00  0.0000E+00 -1.0974E-01 -1.8824E+04  8.6360E-04  1.3691E-03
          0.0000E+00  0.0000E+00  3.2672E-02  8.6360E-04 -5.9421E+03 -8.4838E-04
          0.0000E+00  0.0000E+00  0.0000E+00  0.0000E+00  0.0000E+00  0.0000E+00
    );
  }
  data {
    frequency 10;
    value (
          0.0000E+00  0.0000E+00  0.0000E+00  0.0000E+00  0.0000E+00  0.0000E+00
          0.0000E+00  0.0000E+00  0.0000E+00  0.0000E+00  0.0000E+00  0.0000E+00
          0.0000E+00  0.0000E+00  3.4518E+03 -1.0974E-01  3.2672E-02  0.0000E+00
          0.0000E+00  0.0000E+00 -1.0974E-01 -1.8824E+04  8.6360E-04  1.3691E-03
          0.0000E+00  0.0000E+00  3.2672E-02  8.6360E-04 -5.9421E+03 -8.4838E-04
          0.0000E+00  0.0000E+00  0.0000E+00  0.0000E+00  0.0000E+00  0.0000E+00
    );
  }
  data {
    frequency 11;
    value (
          0.0000E+00  0.0000E+00  0.0000E+00  0.0000E+00  0.0000E+00  0.0000E+00
          0.0000E+00  0.0000E+00  0.0000E+00  0.0000E+00  0.0000E+00  0.0000E+00
          0.0000E+00  0.0000E+00  3.4518E+03 -1.0974E-01  3.2672E-02  0.0000E+00
          0.0000E+00  0.0000E+00 -1.0974E-01 -1.8824E+04  8.6360E-04  1.3691E-03
          0.0000E+00  0.0000E+00  3.2672E-02  8.6360E-04 -5.9421E+03 -8.4838E-04
          0.0000E+00  0.0000E+00  0.0000E+00  0.0000E+00  0.0000E+00  0.0000E+00
    );
  }
  data {
    frequency 12;
    value (
          0.0000E+00  0.0000E+00  0.0000E+00  0.0000E+00  0.0000E+00  0.0000E+00
          0.0000E+00  0.0000E+00  0.0000E+00  0.0000E+00  0.0000E+00  0.0000E+00
          0.0000E+00  0.0000E+00  3.4518E+03 -1.0974E-01  3.2672E-02  0.0000E+00
          0.0000E+00  0.0000E+00 -1.0974E-01 -1.8824E+04  8.6360E-04  1.3691E-03
          0.0000E+00  0.0000E+00  3.2672E-02  8.6360E-04 -5.9421E+03 -8.4838E-04
          0.0000E+00  0.0000E+00  0.0000E+00  0.0000E+00  0.0000E+00  0.0000E+00
    );
  }
  data {
    frequency 13;
    value (
          0.0000E+00  0.0000E+00  0.0000E+00  0.0000E+00  0.0000E+00  0.0000E+00
          0.0000E+00  0.0000E+00  0.0000E+00  0.0000E+00  0.0000E+00  0.0000E+00
          0.0000E+00  0.0000E+00  3.4518E+03 -1.0974E-01  3.2672E-02  0.0000E+00
          0.0000E+00  0.0000E+00 -1.0974E-01 -1.8824E+04  8.6360E-04  1.3691E-03
          0.0000E+00  0.0000E+00  3.2672E-02  8.6360E-04 -5.9421E+03 -8.4838E-04
          0.0000E+00  0.0000E+00  0.0000E+00  0.0000E+00  0.0000E+00  0.0000E+00
    );
  }
  data {
    frequency 14;
    value (
          0.0000E+00  0.0000E+00  0.0000E+00  0.0000E+00  0.0000E+00  0.0000E+00
          0.0000E+00  0.0000E+00  0.0000E+00  0.0000E+00  0.0000E+00  0.0000E+00
          0.0000E+00  0.0000E+00  3.4518E+03 -1.0974E-01  3.2672E-02  0.0000E+00
          0.0000E+00  0.0000E+00 -1.0974E-01 -1.8824E+04  8.6360E-04  1.3691E-03
          0.0000E+00  0.0000E+00  3.2672E-02  8.6360E-04 -5.9421E+03 -8.4838E-04
          0.0000E+00  0.0000E+00  0.0000E+00  0.0000E+00  0.0000E+00  0.0000E+00
    );
  }
  data {
    frequency 15;
    value (
          0.0000E+00  0.0000E+00  0.0000E+00  0.0000E+00  0.0000E+00  0.0000E+00
          0.0000E+00  0.0000E+00  0.0000E+00  0.0000E+00  0.0000E+00  0.0000E+00
          0.0000E+00  0.0000E+00  3.4518E+03 -1.0974E-01  3.2672E-02  0.0000E+00
          0.0000E+00  0.0000E+00 -1.0974E-01 -1.8824E+04  8.6360E-04  1.3691E-03
          0.0000E+00  0.0000E+00  3.2672E-02  8.6360E-04 -5.9421E+03 -8.4838E-04
          0.0000E+00  0.0000E+00  0.0000E+00  0.0000E+00  0.0000E+00  0.0000E+00
    );
  }
  data {
    frequency 16;
    value (
          0.0000E+00  0.0000E+00  0.0000E+00  0.0000E+00  0.0000E+00  0.0000E+00
          0.0000E+00  0.0000E+00  0.0000E+00  0.0000E+00  0.0000E+00  0.0000E+00
          0.0000E+00  0.0000E+00  3.4518E+03 -1.0974E-01  3.2672E-02  0.0000E+00
          0.0000E+00  0.0000E+00 -1.0974E-01 -1.8824E+04  8.6360E-04  1.3691E-03
          0.0000E+00  0.0000E+00  3.2672E-02  8.6360E-04 -5.9421E+03 -8.4838E-04
          0.0000E+00  0.0000E+00  0.0000E+00  0.0000E+00  0.0000E+00  0.0000E+00
    );
  }
  data {
    frequency 17;
    value (
          0.0000E+00  0.0000E+00  0.0000E+00  0.0000E+00  0.0000E+00  0.0000E+00
          0.0000E+00  0.0000E+00  0.0000E+00  0.0000E+00  0.0000E+00  0.0000E+00
          0.0000E+00  0.0000E+00  3.4518E+03 -1.0974E-01  3.2672E-02  0.0000E+00
          0.0000E+00  0.0000E+00 -1.0974E-01 -1.8824E+04  8.6360E-04  1.3691E-03
          0.0000E+00  0.0000E+00  3.2672E-02  8.6360E-04 -5.9421E+03 -8.4838E-04
          0.0000E+00  0.0000E+00  0.0000E+00  0.0000E+00  0.0000E+00  0.0000E+00
    );
  }
  data {
    frequency 18;
    value (
          0.0000E+00  0.0000E+00  0.0000E+00  0.0000E+00  0.0000E+00  0.0000E+00
          0.0000E+00  0.0000E+00  0.0000E+00  0.0000E+00  0.0000E+00  0.0000E+00
          0.0000E+00  0.0000E+00  3.4518E+03 -1.0974E-01  3.2672E-02  0.0000E+00
          0.0000E+00  0.0000E+00 -1.0974E-01 -1.8824E+04  8.6360E-04  1.3691E-03
          0.0000E+00  0.0000E+00  3.2672E-02  8.6360E-04 -5.9421E+03 -8.4838E-04
          0.0000E+00  0.0000E+00  0.0000E+00  0.0000E+00  0.0000E+00  0.0000E+00
    );
  }
  data {
    frequency 19;
    value (
          0.0000E+00  0.0000E+00  0.0000E+00  0.0000E+00  0.0000E+00  0.0000E+00
          0.0000E+00  0.0000E+00  0.0000E+00  0.0000E+00  0.0000E+00  0.0000E+00
          0.0000E+00  0.0000E+00  3.4518E+03 -1.0974E-01  3.2672E-02  0.0000E+00
          0.0000E+00  0.0000E+00 -1.0974E-01 -1.8824E+04  8.6360E-04  1.3691E-03
          0.0000E+00  0.0000E+00  3.2672E-02  8.6360E-04 -5.9421E+03 -8.4838E-04
          0.0000E+00  0.0000E+00  0.0000E+00  0.0000E+00  0.0000E+00  0.0000E+00
    );
  }
  data {
    frequency 20;
    value (
          0.0000E+00  0.0000E+00  0.0000E+00  0.0000E+00  0.0000E+00  0.0000E+00
          0.0000E+00  0.0000E+00  0.0000E+00  0.0000E+00  0.0000E+00  0.0000E+00
          0.0000E+00  0.0000E+00  3.4518E+03 -1.0974E-01  3.2672E-02  0.0000E+00
          0.0000E+00  0.0000E+00 -1.0974E-01 -1.8824E+04  8.6360E-04  1.3691E-03
          0.0000E+00  0.0000E+00  3.2672E-02  8.6360E-04 -5.9421E+03 -8.4838E-04
          0.0000E+00  0.0000E+00  0.0000E+00  0.0000E+00  0.0000E+00  0.0000E+00
    );
  }
}

// ************************************************************************* //
